6006053,1999,14599,1998,"JP","",378835,3,,399,5,54,2,0,1,,0,,3.5,0.5,0.5,,,0	
6006060,1999,14599,1999,"JP","",77725,3,,399,5,54,7,0,1,,0.4898,,4.4286,0.4286,0.4286,,,0	
6006067,1999,14599,1997,"US","FL",386735,2,,455,2,21,8,0,1,,0.5938,,5.375,1,1,,,7	
6006074,1999,14599,1997,"FR","",601715,2,,455,2,21,11,0,1,,0.7273,,10.9091,0,0,,,0	
6006081,1999,14599,1996,"GB","",601715,2,,455,2,21,14,0,1,,0.6429,,4.9286,0,0,,,0	
6006088,1999,14599,1997,"CA","",379070,3,,455,2,21,5,0,1,,0.48,,3.6,0,0,,,0	
6006095,1999,14599,1996,"US","TX",754783,3,,455,2,21,6,0,1,,0.2778,,5.6667,0,0,,,0	
6006102,1999,14599,1997,"FR","",601715,2,,455,2,21,2,0,1,,0,,8.5,0,0,,,0	
6006109,1999,14599,1997,"KR","",491065,3,,455,2,21,12,0,1,,0.5139,,7.3333,0,0,,,0	
6006116,1999,14599,1997,"NL","",722326,2,,455,2,21,8,0,1,,0.4063,,1.875,0,0,,,0	
6006123,1999,14599,1998,"US","CA",733937,2,,600,3,32,3,0,1,,0.6667,,0.3333,0.3333,0.3333,,,3	
6006130,1999,14599,1997,"JP","",252625,3,,604,3,32,4,0,0.75,,0,,34.25,0,0,,,0	
6006137,1999,14599,1998,"US","MN",365520,2,,607,3,32,8,0,1,,0.4063,,13,0.2,0.125,,,2	
6006144,1999,14599,1996,"JP","",404330,3,,701,2,22,15,0,1,,0.72,,4,0.2667,0.2667,,,0	
6006151,1999,14599,1998,"DE","",512710,3,,701,2,22,8,0,1,,0.2188,,5.125,0.125,0.125,,,0	
6006158,1999,14599,1998,"US","NJ",,4,,701,2,22,7,0,1,,0.6122,,5.4286,,,,,0	
6006165,1999,14599,1997,"JP","",260095,3,,702,2,22,11,0,1,,0.8595,,11.8182,0,0,,,0	
6006172,1999,14599,1997,"US","WA",132165,2,,702,2,22,10,0,1,,0.62,,10,0,0,,,0	
6006179,1999,14599,1997,"US","CA",737140,2,,704,2,22,5,0,1,,0.32,,6.2,0,0,,,1	
6006186,1999,14599,1997,"US","CA",532110,3,,704,2,22,19,0,1,,0.4321,,4.7895,0.5789,0.5789,,,0	
6006193,1999,14599,1996,"US","UT",,1,,705,2,22,12,0,1,,0.6111,,4.6667,,,,,0	
6006200,1999,14599,1998,"US","NY",280070,2,,705,2,22,4,0,1,,0.375,,0.75,0,0,,,0	
6006207,1999,14599,1998,"US","NJ",,1,,705,2,22,4,0,1,,0,,3,,,,,0	
6006214,1999,14599,1996,"US","CA",280070,2,,707,2,22,4,0,1,,0.375,,1.25,0.5,0.5,,,3	
6006221,1999,14599,1996,"US","NY",557035,2,,707,2,22,4,0,1,,0.625,,4.25,0,0,,,0	
6006228,1999,14599,1996,"US","OH",395480,2,,707,2,22,9,0,1,,0.6173,,3.2222,0,0,,,0	
6006235,1999,14599,1997,"CA","",280070,2,,707,2,22,5,0,1,,0.56,,3.6,0.4,0.4,,,0	
6006242,1999,14599,1996,"US","MN",762932,2,,707,2,22,23,0,1,,0.6465,,5.7826,0,0,,,1	
6006249,1999,14599,1997,"US","NY",734342,2,,709,2,22,8,0,1,,0.5313,,0.75,0,0,,,0	
6006256,1999,14599,1996,"US","CA",762933,2,,709,2,22,3,0,1,,0.4444,,3,0,0,,,1	
6006263,1999,14599,1998,"US","MI",746776,2,,709,2,22,5,0,1,,0.56,,1.4,0,0,,,0	
6006270,1999,14599,1997,"JP","",395735,3,,709,2,22,14,0,1,,0.1327,,4.2143,0,0,,,0	
6006277,1999,14599,1996,"US","TX",752191,2,,709,2,22,10,0,1,,0.64,,11,0,0,,,2	
6006284,1999,14599,1997,"US","CA",551495,2,,710,2,22,10,0,1,,0.66,,4.4,0,0,,,1	
6006291,1999,14599,1997,"US","OR",278220,2,,710,2,22,4,0,1,,0.625,,2.5,0,0,,,0	
6006298,1999,14599,1996,"JP","",395735,3,,710,2,22,17,0,1,,0.8651,,6,0.0588,0.0588,,,0	
6006305,1999,14599,1996,"US","WA",132165,2,,711,2,24,5,0,1,,0.8,,4.4,0.2,0.2,,,1	
6006312,1999,14599,1995,"US","CA",551495,2,,711,2,24,30,0,1,,0.0644,,7.4333,0.1333,0.1333,,,12	
6006319,1999,14599,1996,"JP","",746110,3,,712,2,22,17,0,1,,0.7889,,4.5294,0,0,,,0	
6006326,1999,14599,1997,"US","CA",551495,2,,712,2,22,0,0,,,,,,,,,,0	
6006333,1999,14599,1996,"US","CA",551495,2,,713,2,22,6,0,1,,0.6667,,2.3333,0,0,,,0	
6006340,1999,14599,1998,"US","CA",698987,2,,713,2,22,4,0,1,,0,,5.75,0,0,,,0	
6006347,1999,14599,1997,"GB","",132165,2,,714,2,22,20,0,1,,0.595,,4.25,0,0,,,0	
6006354,1999,14599,1997,"US","CA",744951,2,,714,2,22,10,0,1,,0.6,,7.2,0,0,,,1	
6006361,1999,14606,1998,"US","IN",720204,2,,2,6,63,15,0,0.8667,,0.6272,,17.3333,0.0833,0.0667,,,7	
6006368,1999,14606,1998,"US","GA",,1,,2,6,63,13,0,1,,0.142,,9.5385,,,,,0	
6006375,1999,14606,1997,"US","PA",762984,2,,4,6,65,20,0,0.7,,0.3571,,37.5,0,0,,,1	
6006382,1999,14606,1999,"US","PA",,1,,5,6,65,10,0,1,,0,,14.9,,,,,1	
6006389,1999,14606,1998,"CA","",683709,2,,14,6,69,9,0,1,,0.4938,,17.5556,0.2,0.1111,,,0	
6006396,1999,14606,1998,"US","CT",738892,2,,15,6,69,10,0,0.8,,0.5313,,24.4,0,0,,,0	
6006403,1999,14606,1998,"US","AZ",,1,,16,5,59,7,0,1,,0.7347,,12.4286,,,,,0	
6006410,1999,14606,1999,"US","CA",741187,2,,29,5,52,1,0,0,,,,55,0,0,,,0	
6006417,1999,14606,1999,"US","GA",470080,2,,29,5,52,2,0,1,,0,,26,0,0,,,0	
6006424,1999,14606,1998,"KR","",491030,3,,29,5,52,5,0,1,,0.32,,4.2,0,0,,,0	
6006431,1999,14606,1997,"DE","",692713,3,,29,5,52,14,0,0.8571,,0.7639,,16.2143,0,0,,,0	
6006438,1999,14606,1998,"US","GA",78235,2,,33,6,69,10,0,0.9,,0.8148,,14.4,0,0,,,0	
6006445,1999,14606,1998,"US","OH",,1,,34,1,19,14,0,0.8571,,0.4861,,16.9286,,,,,0	
6006452,1999,14606,1997,"FR","",490355,3,,36,6,63,7,0,1,,0,,7.5714,0.4286,0.4286,,,0	
6006459,1999,14606,1997,"US","OH",,1,,40,6,69,11,0,0.7273,,0.2188,,23.8182,,,,,2	
6006466,1999,14606,1998,"US","TX",,1,,43,6,61,26,0,0.4615,,0,,49.9615,,,,,3	
6006473,1999,14606,1998,"US","IN",44450,2,,49,5,59,22,0,1,,0.3182,,11.8182,0,0,,,1	
6006480,1999,14606,1998,"US","CA",,1,,52,6,69,8,0,1,,0.5625,,15.125,,,,,0	
6006487,1999,14606,1998,"US","CA",515355,2,,52,6,69,14,0,0.7143,,0,,24.7143,0.5,0.2857,,,8	
6006494,1999,14606,1998,"IT","",746196,3,,53,6,68,7,0,0.7143,,0,,18.7143,0,0,,,0	
6006501,1999,14606,1998,"US","CA",725629,2,,53,6,68,29,0,1,,0.1902,,10.2759,0,0,,,1	
6006508,1999,14606,1998,"JP","",565245,3,,57,6,63,3,0,1,,0,,9,0,0,,,0	
6006515,1999,14606,1997,"JP","",318570,3,,60,4,45,6,0,1,,0.2778,,7.8333,0,0,,,0	
6006522,1999,14606,1998,"US","CO",722905,2,,60,4,45,18,0,1,,0.6605,,16.8889,0,0,,,0	
6006529,1999,14606,1998,"KR","",491065,3,,62,6,69,5,0,1,,0.32,,4.8,0.2,0.2,,,0	
6006536,1999,14606,1998,"US","WA",637385,2,,62,6,69,11,0,1,,0.4298,,14.7273,0,0,,,2	
6006543,1999,14606,1998,"US","AR",551495,2,,62,6,69,39,0,0.8205,,0.7784,,16.7436,0.0345,0.0256,,,1	
6006550,1999,14606,1998,"US","CA",763009,2,,66,6,63,35,0,0.9429,,0.2645,,14.4,0,0,,,1	
6006557,1999,14606,1997,"US","CA",741018,2,,70,6,65,160,0,0.8313,,0.5965,,24.725,0,0,,,33	
6006564,1999,14606,1998,"US","OH",693102,2,,72,5,52,8,0,1,,0.5313,,16,0,0,,,0	
6006571,1999,14606,1998,"TW","",,1,,72,5,52,5,0,1,,0.64,,10.6,,,,,0	
6006578,1999,14606,1998,"DE","",,1,,72,5,52,2,0,0.5,,0,,36,,,,,0	
6006585,1999,14606,1998,"CH","",96675,3,,73,4,43,18,0,1,,0.7037,,15.7222,0.1111,0.0556,,,0	
6006592,1999,14606,1999,"JP","",303160,3,,73,4,43,6,0,1,,0,,4.1667,0.3333,0.3333,,,0	
6006599,1999,14606,1998,"DE","",739701,3,,73,4,43,0,0,,,,,,,,,,0	
6006606,1999,14606,1997,"JP","",740171,3,,73,4,43,6,0,1,,0.5,,7.6667,0,0,,,0	
6006613,1999,14606,1997,"US","MI",587660,2,,73,4,43,4,0,1,,0.375,,7.75,1,0.75,,,3	
6006620,1999,14606,1997,"US","MI",103580,2,,74,5,59,26,0,0.9231,,0.7986,,10.5385,0.0476,0.0385,,,6	
6006627,1999,14606,1998,"JP","",256400,3,,74,5,59,4,0,1,,0.625,,0.75,0,0,,,0	
6006634,1999,14606,1997,"US","MN",,1,,81,5,59,12,0,1,,0.375,,10.4167,,,,,0	
6006641,1999,14606,1997,"US","IL",,1,,83,5,51,16,0,0.9375,,0.5244,,17.875,,,,,0	
6006648,1999,14606,1998,"DE","",741387,2,,91,5,53,2,0,1,,0.5,,5,0,0,,,0	
6006655,1999,14606,1998,"DE","",74130,3,,99,6,61,7,0,0.4286,,0,,50.5714,0,0,,,0	
6006662,1999,14606,1998,"JP","",318840,3,,101,6,69,4,0,1,,0,,3.25,0.5,0.5,,,0	
6006669,1999,14606,1998,"US","WI",261425,2,,101,6,69,17,0,1,,0.7682,,11.9412,0.1,0.0588,,,1	
6006676,1999,14606,1998,"US","OH",633735,2,,108,6,69,10,0,0.8,,0.5313,,22.3,0,0,,,1	
6006683,1999,14606,1998,"FI","",737018,3,,110,6,66,9,0,1,,0.4444,,14.1111,0,0,,,0	
6006690,1999,14606,1997,"FR","",640970,3,,114,5,55,1,0,1,,0,,9,0,0,,,0	
6006697,1999,14606,1999,"US","WI",,1,,119,6,61,3,0,0.6667,,0,,24.6667,,,,,0	
6006704,1999,14606,1997,"US","TN",448465,2,,123,5,53,113,0,1,,0.4918,,9.0088,0,0,,,0	
6006711,1999,14606,1998,"JP","",404925,3,,123,5,53,3,0,1,,0.4444,,11.6667,0,0,,,0	
6006718,1999,14606,1998,"JP","",404330,3,,123,5,53,8,0,1,,0.2188,,3.75,0,0,,,0	
6006725,1999,14606,1998,"US","MI",731510,2,,123,5,53,6,0,1,,0.2778,,5.1667,0.1667,0.1667,,,3	
6006732,1999,14606,1998,"US","IL",395210,2,,123,5,53,11,0,0.8182,,0.642,,20,0,0,,,0	
6006739,1999,14606,1999,"US","ID",373440,2,,125,5,51,31,0,0.9355,,0.78,,13.5806,0.12,0.0968,,,3	
6006746,1999,14606,1998,"US","CA",,1,,128,3,32,5,0,0.8,,0,,9.2,,,,,1	
6006753,1999,14606,1997,"SE","",170335,2,,128,3,32,4,0,1,,0,,5,0.3333,0.25,,,0	
6006760,1999,14606,1995,"US","MD",,1,,132,6,65,25,0,0.64,,0.8047,,35.08,,,,,1	
6006767,1999,14606,1998,"US","OH",730229,2,,134,6,69,20,0,0.95,,0.4377,,20.4,0.0833,0.05,,,5	
6006774,1999,14606,1994,"US","PA",763029,2,,137,6,69,6,0,1,,0.7222,,10.3333,0,0,,,2	
6006781,1999,14606,1998,"US","IA",429930,2,,137,6,69,10,0,1,,0.6,,15,0.3333,0.3,,,3	
6006788,1999,14606,1998,"FR","",110005,3,,138,6,67,4,0,0.75,,0,,15.5,0.5,0.25,,,0	
6006795,1999,14606,1998,"IT","",,1,,139,6,63,3,0,1,,0.4444,,8,,,,,0	
6006802,1999,14606,1997,"US","TN",448465,2,,144,5,51,22,0,0.8182,,0.5185,,19.5909,0.1875,0.1364,,,3	
6006809,1999,14606,1998,"US","OH",763034,2,,160,6,69,16,0,0.875,,0.4694,,16.8125,0,0,,,1	
6006816,1999,14606,1998,"US","FL",,1,,160,6,69,3,0,1,,0.4444,,7,,,,,1	
6006823,1999,14606,1998,"RU","",,1,,165,6,66,3,0,1,,0.4444,,22,,,,,0	
6006830,1999,14606,1998,"GB","",744586,3,,166,6,64,3,0,0.6667,,0,,25.6667,0,0,,,0	
6006837,1999,14606,1997,"US","OK",85650,2,,166,6,64,4,0,0.75,,0,,17.75,0,0,,,2	
6006844,1999,14606,1996,"US","TX",51205,2,,175,6,64,35,0,0.8857,,0.2352,,13.4286,0.1852,0.1429,,,6	
6006851,1999,14606,1997,"US","CA",,1,,180,5,55,5,0,1,,0.48,,5.2,,,,,0	
6006858,1999,14606,1999,"JP","",75430,3,,181,6,69,2,0,1,,0.5,,1.5,1,1,,,0	
6006865,1999,14606,1997,"CH","",283895,3,,187,5,55,1,0,1,,0,,36,0,0,,,0	
6006872,1999,14606,1997,"JP","",318570,3,,188,5,53,11,0,1,,0.562,,14.1818,0,0,,,0	
6006879,1999,14606,1999,"DE","",742643,3,,192,5,53,3,0,1,,0.4444,,7,0,0,,,0	
6006886,1999,14606,1998,"DE","",742643,3,,192,5,53,5,0,0.8,,0.5,,11.8,0,0,,,0	
6006893,1999,14606,1997,"US","CA",738272,2,,198,5,59,22,0,0.9091,,0.495,,18.9091,0,0,,,4	
6006900,1999,14606,1998,"US","IN",,1,,206,6,68,5,0,0.2,,0,,45.6,,,,,0	
6006907,1999,14606,1996,"JP","",211155,3,,206,6,68,11,0,0.8182,,0.3457,,24.2727,0.1667,0.0909,,,0	
6006914,1999,14606,1998,"US","AL",,1,,206,6,68,10,0,1,,0.78,,6,,,,,0	
6006921,1999,14606,1998,"US","ID",763052,2,,209,5,51,8,0,0.875,,0.4898,,15.375,0,0,,,1	
6006928,1999,14606,1998,"US","AZ",593050,2,,211,6,65,11,0,0.5455,,0.6667,,30.6364,0,0,,,0	
6006935,1999,14606,1998,"GB","",,1,,220,6,68,4,0,1,,0.625,,21.75,,,,,0	
6006942,1999,14606,1997,"US","TN",380695,2,,220,6,68,34,0,0.7647,,0.5769,,24.5,0,0,,,4	
6006949,1999,14606,1998,"US","MO",745715,2,,222,1,19,13,0,1,,0.3787,,8.3846,0,0,,,1	
6006956,1999,14606,1997,"US","TX",757953,2,,222,1,19,3,0,0.6667,,0.5,,31.6667,0,0,,,0	
6006963,1999,14606,1996,"US","MA",,1,,223,6,63,23,0,0.913,,0.6304,,19.2174,,,,,1	
6006970,1999,14606,1998,"US","CA",,1,,224,6,68,9,0,1,,0.3704,,7.6667,,,,,2	
6006977,1999,14606,1997,"US","TX",570160,2,,228,5,52,6,0,1,,0,,5.8333,0.3333,0.3333,,,2	
6006984,1999,14606,1997,"US","OH",,1,,229,6,68,8,0,0.875,,0.2449,,16.375,,,,,3	
6006991,1999,14606,1997,"US","NY",691033,2,,235,5,59,15,0,1,,0.8178,,4.9333,0.0667,0.0667,,,2	
6006998,1999,14606,1998,"FR","",763061,3,,237,6,66,7,0,0.4286,,0.4444,,45.1429,0,0,,,0	
6007005,1999,14606,1999,"US","TX",739254,2,,241,5,51,7,0,1,,0.5714,,5.1429,0,0,,,0	
6007012,1999,14606,1998,"JP","",656611,3,,242,5,51,7,0,1,,0.449,,6.4286,0.4286,0.4286,,,0	
6007019,1999,14606,1998,"US","FL",,1,,242,5,51,6,0,0.8333,,0.32,,13.6667,,,,,0	
6007026,1999,14606,1997,"US","WA",70060,2,,244,5,55,12,0,1,,0.5139,,5.5,0,0,,,0	
6007033,1999,14606,1998,"US","IA",763067,2,,248,6,69,12,0,1,,0.5833,,10.8333,0,0,,,0	
6007040,1999,14606,1998,"JP","",210915,3,,248,6,69,5,0,1,,0.32,,5.8,0,0,,,0	
6007047,1999,14606,1998,"US","TX",,1,,251,5,53,10,0,0.8,,0.2188,,25.7,,,,,3	
6007054,1999,14606,1998,"JP","",169890,3,,254,5,59,7,0,1,,0,,10,0.1429,0.1429,,,0	
6007061,1999,14606,1997,"DE","",333570,3,,267,5,59,6,0,1,,0.7222,,5,0.1667,0.1667,,,0	
6007068,1999,14606,1996,"US","OH",597260,6,,277,6,67,18,0,0.7222,,0.3905,,28.1111,0.1,0.0556,,,1	
6007075,1999,14606,1997,"US","OR",401540,2,,280,5,55,20,0,0.6,,0.1528,,36.3,0,0,,,0	
6007082,1999,14606,1996,"US","CA",,1,,280,5,55,10,0,0.9,,0,,25,,,,,3	
6007089,1999,14606,1998,"DE","",44580,3,,280,5,55,13,0,1,,0.3787,,6.4615,0,0,,,0	
6007096,1999,14606,1998,"US","AZ",589355,2,,280,5,55,8,0,1,,0.75,,14.125,0.125,0.125,,,1	
6007103,1999,14606,1998,"US","WI",,1,,281,6,69,3,0,1,,0.4444,,9.3333,,,,,0	
6007110,1999,14606,1998,"JP","",731723,3,,285,6,67,6,0,1,,0,,15.3333,0,0,,,0	
6007117,1999,14606,1997,"DE","",478430,3,,292,6,69,15,0,0.9333,,0.6429,,17.6,0,0,,,0	
6007124,1999,14606,1997,"US","NY",,1,,294,5,59,17,0,0.7059,,0.7917,,24.5882,,,,,2	
6007131,1999,14606,1997,"US","OH",256400,3,,296,5,55,15,0,1,,0.7556,,7.2,0,0,,,0	
6007138,1999,14606,1997,"US","FL",694651,2,,296,5,55,3,0,1,,0,,7,0,0,,,0	
6007145,1999,14606,1999,"JP","",404330,3,,296,5,55,4,0,1,,0,,6,0,0,,,0	
6007152,1999,14606,1998,"JP","",13995,3,,297,6,65,7,0,1,,0.2449,,5.5714,0.2857,0.2857,,,0	
6007159,1999,14606,1998,"US","IN",395210,2,,303,5,53,8,0,1,,0.7813,,13.875,0,0,,,0	
6007166,1999,14606,1997,"US","OR",763080,2,,305,5,55,10,0,0.9,,0.4938,,25.4,0,0,,,2	
6007173,1999,14606,1996,"US","NY",635240,2,,347,2,23,9,0,1,,0.5185,,10.6667,0.1111,0.1111,,,1	
6007180,1999,14606,1997,"JP","",77725,3,,347,2,23,5,0,1,,0,,4.6,0,0,,,0	
6007187,1999,14606,1996,"JP","",87490,3,,347,2,23,11,0,1,,0,,8,0.5455,0.5455,,,0	
6007194,1999,14606,1996,"JP","",503380,3,,347,2,23,3,0,1,,0.6667,,6.6667,0.3333,0.3333,,,0	
6007201,1999,14606,1998,"JP","",503380,3,,351,3,39,3,0,1,,0,,5.6667,0.3333,0.3333,,,0	
6007208,1999,14606,1997,"US","CA",540885,2,,359,5,54,12,0,1,,0.4028,,4.0833,0,0,,,3	
6007215,1999,14606,1998,"US","LA",,1,,362,4,42,4,0,1,,0.625,,11.5,,,,,0	
6007222,1999,14606,1997,"DE","",152030,2,,362,4,42,26,0,1,,0.5325,,6.6538,0.6111,0.4231,,,0	
6007229,1999,14606,1997,"US","FL",296205,2,,264,5,51,6,0,1,,0.7778,,5.3333,0.3333,0.3333,,,2	
6007236,1999,14606,1996,"US","PA",,1,,366,1,19,37,0,1,,0.8619,,15.0541,,,,,2	
6007243,1999,14606,1998,"US","WI",345180,2,,378,4,44,18,0,0.9444,,0.2145,,12.7778,0,0,,,0	
6007250,1999,14606,1998,"US","CT",581075,2,,384,5,59,7,0,1,,0.6939,,2.4286,0.1429,0.1429,,,0	
6007257,1999,14606,1997,"JP","",212365,3,,385,2,21,5,0,1,,0,,5,0,0,,,0	
6007264,1999,14606,1998,"US","CA",763086,2,,401,1,12,13,0,1,,0.7101,,11.6154,0,0,,,2	
6007271,1999,14606,1998,"US","OH",763088,2,,404,6,69,28,0,0.6786,,0.4266,,26.9286,0,0,,,0	
6007278,1999,14606,1996,"US","MA",597270,6,,408,5,51,6,0,0.8333,,0.32,,29.1667,0,0,,,0	
6007285,1999,14606,1995,"US","NJ",441426,2,,411,5,59,9,0,0.8889,,0.4063,,13.1111,0,0,,,0	
6007292,1999,14606,1998,"US","AZ",,1,,414,5,51,7,0,1,,0.449,,10,,,,,0	
6007299,1999,14606,1998,"JP","",761458,3,,416,1,19,3,0,1,,0.4444,,1.6667,0,0,,,0	
6007306,1999,14606,1997,"FR","",275750,3,,417,5,53,8,0,0.75,,0.5,,24.625,0.6,0.375,,,0	
6007313,1999,14606,1997,"DE","",763094,3,,417,5,53,1,0,1,,0,,10,0,0,,,0	
6007320,1999,14606,1997,"DE","",234195,3,,425,5,51,13,0,1,,0.7456,,6.0769,0.2727,0.2308,,,0	
6007327,1999,14606,1997,"AT","",169420,3,,431,6,66,19,0,0.7895,,0.7822,,20.4211,0,0,,,0	
6007334,1999,14606,1997,"CH","",758183,3,,433,3,39,12,0,0.9167,,0.4298,,13.8333,0,0,,,0	
6007341,1999,14606,1998,"US","OH",,1,,434,6,69,20,0,0.55,,0,,36.55,,,,,2	
6007348,1999,14606,1998,"US","RI",7905,2,,439,4,41,38,0,0.9737,,0.7801,,8.9737,0.0588,0.0526,,,2	
6007355,1999,14606,1997,"JP","",212365,3,,439,4,41,2,0,1,,0,,1.5,0,0,,,0	
6007362,1999,14606,1997,"US","PA",695811,2,,439,4,41,14,0,1,,0.4694,,10.7143,0,0,,,2	
6007369,1999,14606,1998,"US","PA",695811,2,,439,4,41,8,0,1,,0.2188,,9.75,0.125,0.125,,,2	
6007376,1999,14606,1998,"JP","",252425,3,,439,4,41,2,0,1,,0,,7,0,0,,,0	
6007383,1999,14606,1997,"FR","",49560,3,,439,4,41,4,0,1,,0.375,,10,0,0,,,0	
6007390,1999,14606,1998,"US","MI",219155,2,,439,4,41,5,0,1,,0.72,,10.2,0.2,0.2,,,1	
6007397,1999,14606,1998,"KR","",319990,3,,445,4,42,1,0,1,,0,,1,0,0,,,0	
6007404,1999,14606,1998,"US","PA",,1,,446,6,62,13,0,0.8462,,0.314,,18.2308,,,,,0	
6007411,1999,14606,1997,"US","VT",280070,2,,451,5,51,8,0,1,,0.6563,,6.625,0,0,,,0	
6007418,1999,14606,1995,"CH","",720285,3,,452,6,61,6,0,1,,0.7222,,12.1667,0,0,,,0	
6007425,1999,14606,1997,"JP","",697174,3,,463,6,62,4,0,1,,0.625,,11,0,0,,,0	
6007432,1999,14606,1998,"US","CA",84755,2,,473,6,62,30,0,1,,0,,6.0333,0.0556,0.0333,,,11	
6007439,1999,14606,1997,"US","TX",703415,2,,473,6,62,9,0,1,,0.1975,,11.2222,0,0,,,0	
6007446,1999,14606,1997,"DE","",744242,3,,475,5,53,8,0,1,,0.8438,,11.625,0,0,,,0	
6007453,1999,14606,1997,"JP","",256400,3,,477,5,53,7,0,1,,0.5714,,3.5714,0.2857,0.2857,,,0	
6007460,1999,14606,1998,"US","CA",363785,2,,482,5,59,14,0,0.7857,,0.1653,,23.5714,0.3333,0.1429,,,3	
6007467,1999,14606,1998,"US","CA",763102,2,,493,5,51,26,0,0.6923,,0.4753,,24.6538,0,0,,,1	
6007474,1999,14606,1997,"US","MN",760316,2,,600,3,32,8,0,0.875,,0.4082,,15,0,0,,,0	
6007481,1999,14606,1995,"DE","",,1,,600,3,32,45,0,0.9111,,0.6948,,20.2444,,,,,0	
6007488,1999,14606,1998,"US","MN",721855,2,,600,3,32,9,0,1,,0.642,,8.4444,0.4286,0.3333,,,4	
6007495,1999,14606,1998,"US","CT",597410,2,,600,3,32,26,0,1,,0.5828,,7.6538,0,0,,,0	
6007502,1999,14606,1998,"KR","",748574,3,,601,3,32,8,0,1,,0.6563,,10.625,0,0,,,0	
6007509,1999,14606,1997,"US","MA",732109,2,,604,3,32,59,0,1,,0.6199,,9.9661,0.0727,0.0678,,,11	
6007516,1999,14606,1997,"US","MA",737489,2,,604,3,32,28,0,1,,0.199,,6.4643,0.0556,0.0357,,,3	
6007523,1999,14606,1998,"US","CA",733046,2,,604,3,32,12,0,0.9167,,0.7107,,13.6667,0,0,,,2	
6007530,1999,14606,1998,"DE","",126345,2,,606,3,32,6,0,1,,0.6111,,5.6667,0,0,,,0	
6007537,1999,14606,1998,"US","TX",730273,2,,606,3,32,6,0,1,,0,,3.3333,0,0,,,1	
6007544,1999,14606,1998,"US","MA",730294,2,,606,3,32,6,0,1,,0.5,,4,0,0,,,0	
6007551,1999,14606,1996,"US","NC",629875,2,,606,3,32,20,0,1,,0.35,,9.35,0,0,,,0	
6007558,1999,14606,1998,"US","MA",722651,2,,606,3,32,10,0,1,,0.48,,4.7,0.375,0.3,,,5	
6007565,1999,14606,1997,"US","CT",597410,2,,606,3,32,57,0,0.9298,,0.7447,,22.807,0.1837,0.1579,,,31	
6007572,1999,14606,1998,"US","NC",698004,2,,607,3,32,20,0,1,,0.76,,7.05,0.75,0.45,,,10	
6007579,1999,14606,1998,"IL","",746027,3,,623,3,39,16,0,1,,0,,7.9375,0.1429,0.0625,,,0	
6007586,1999,14606,1998,"CH","",730820,2,,8,1,11,8,0,1,,0.5625,,14.75,0,0,,,0	
6007593,1999,14606,1997,"CA","",763119,3,,55,1,13,9,0,0.3333,,0.4444,,54.2222,0,0,,,0	
6007600,1999,14606,1998,"FI","",763120,3,,75,5,52,4,0,0.75,,0.4444,,43.5,0,0,,,0	
6007607,1999,14606,1998,"DE","",697289,3,,95,1,13,6,0,0.5,,0.6667,,32.5,0,0,,,0	
6007614,1999,14606,1997,"US","NJ",394095,2,,106,1,12,10,0,1,,0.7,,13.5,0.5,0.5,,,3	
6007621,1999,14606,1998,"JP","",318550,3,,117,1,19,3,0,1,,0.4444,,2,0,0,,,0	
6007628,1999,14606,1997,"US","CT",597550,2,,118,1,12,3,0,1,,0.6667,,5.3333,0.5,0.3333,,,1	
6007635,1999,14606,1997,"US","MI",746055,2,,118,1,12,12,0,1,,0.8333,,5.8333,0,0,,,0	
6007642,1999,14606,1997,"US","MI",394130,2,,148,5,52,21,0,1,,0.2585,,11.5714,0,0,,,0	
6007649,1999,14606,1998,"DE","",55665,3,,156,1,19,8,0,1,,0.8125,,14.5,0.375,0.375,,,0	
6007656,1999,14606,1996,"US","MN",29395,2,,156,1,19,14,0,1,,0.8061,,5.8571,0.5714,0.5714,,,2	
6007663,1999,14606,1998,"US","OH",504910,2,,156,1,19,3,0,1,,0.6667,,11.6667,0,0,,,1	
6007670,1999,14606,1997,"US","OH",710867,2,,156,1,19,6,0,1,,0.4444,,17.5,0,0,,,0	
6007677,1999,14606,1997,"US","CA",762695,2,,156,1,19,14,0,0.7143,,0.54,,24.7857,0,0,,,2	
6007684,1999,14606,1997,"US","CA",33480,2,,204,1,19,5,0,1,,0.32,,5,0.4,0.4,,,3	
6007691,1999,14606,1993,"US","CA",691526,2,,204,1,19,7,0,1,,0.2449,,9.1429,0,0,,,4	
6007698,1999,14606,1998,"FR","",275750,3,,208,1,19,6,0,1,,0.2778,,17.8333,0,0,,,0	
6007705,1999,14606,1998,"US","PA",186590,2,,208,1,19,10,0,0.9,,0.1975,,10.5,0.375,0.3,,,2	
6007712,1999,14606,1998,"JP","",323330,3,,210,1,19,6,0,1,,0.2778,,4.5,0,0,,,0	
6007719,1999,14606,1998,"KR","",,5,,210,1,19,13,0,0.9231,,0.1528,,16.0769,,,,,0	
6007726,1999,14606,1998,"US","IL",391745,2,,210,1,19,12,0,1,,0.5833,,14.0833,0.4444,0.3333,,,4	
6007733,1999,14606,1998,"TW","",558655,3,,216,1,19,9,0,1,,0.1975,,2.2222,0.25,0.2222,,,0	
6007740,1999,14606,1997,"JP","",102605,3,,252,1,19,10,0,1,,0,,4.7,0.3,0.3,,,0	
6007747,1999,14606,1995,"US","CA",727284,2,,264,5,51,84,0,0.9643,,0.6411,,17.1429,0,0,,,18	
6007754,1999,14606,1998,"US","CA",747684,2,,264,5,51,7,0,0.7143,,0.32,,20.5714,0,0,,,0	
6007761,1999,14606,1998,"JP","",307635,3,,266,5,52,1,0,1,,0,,19,0,0,,,0	
6007775,1999,14606,1997,"US","WA",600100,2,,422,1,19,11,0,1,,0.7769,,7.3636,0,0,,,0	
6007782,1999,14606,1996,"DE","",763139,2,,422,1,19,7,0,1,,0.5714,,21.1429,0,0,,,0	
6007789,1999,14606,1994,"US","MI",161150,2,,423,1,19,36,0,0.9444,,0.6021,,19.8056,0.1935,0.1667,,,15	
6007796,1999,14606,1998,"US","NJ",737588,3,,424,3,31,1,0,1,,0,,19,0,0,,,0	
6007803,1999,14606,1997,"US","MA",718670,2,,424,3,31,14,0,1,,0.4592,,14.8571,0,0,,,0	
6007810,1999,14606,1998,"JP","",697045,3,,424,3,31,3,0,1,,0.4444,,5.3333,0.5,0.3333,,,0	
6007817,1999,14606,1995,"US","CA",599930,2,,424,3,31,13,0,1,,0.6272,,11.6154,0,0,,,6	
6007824,1999,14606,1999,"US","MD",,1,,424,3,31,0,0,,,,,,,,,,0	
6007831,1999,14606,1998,"US","IL",726215,2,,424,3,31,3,0,0.6667,,0,,20.3333,0,0,,,0	
6007838,1999,14606,1995,"US","MD",597185,6,,424,3,31,1,0,1,,0,,2,0,0,,,0	
6007845,1999,14606,1996,"IL","",357270,2,,424,3,31,14,0,1,,0.6735,,8.0714,0.5385,0.5,,,0	
6007852,1999,14606,1998,"US","WI",763147,2,,426,6,61,3,0,1,,0.4444,,5,0,0,,,0	
6007859,1999,14606,1998,"BE","",682389,3,,426,6,61,4,0,1,,0.625,,15,0,0,,,0	
6007866,1999,14606,1998,"DE","",67935,3,,427,1,12,3,0,1,,0.6667,,8.6667,0.3333,0.3333,,,0	
6007873,1999,14606,1997,"US","TN",733514,2,,427,1,12,10,0,1,,0.86,,15,0,0,,,0	
6007880,1999,14606,1998,"US","FL",597550,2,,427,1,12,19,0,1,,0.6371,,7.8421,0.4444,0.4211,,,0	
6007887,1999,14606,1997,"US","NY",160890,2,,428,6,69,6,0,1,,0.5,,5,0.1667,0.1667,,,1	
6007894,1999,14606,1997,"US","AL",361390,2,,428,6,69,65,0,0.9846,,0.8262,,14.5385,0.0526,0.0462,,,1	
6007901,1999,14606,1997,"US","VA",763152,2,,428,6,69,34,0,1,,0.6142,,13.0882,0,0,,,0	
6007908,1999,14606,1997,"GB","",217300,3,,428,6,69,5,0,1,,0.32,,5.6,0,0,,,0	
6007915,1999,14606,1998,"US","OH",697050,2,,428,6,69,7,0,1,,0.6939,,3,0.2,0.1429,,,2	
6007922,1999,14606,1984,"US","IN",759459,2,,428,6,69,9,0,1,,0.6173,,18.4444,0,0,,,0	
6007929,1999,14606,1997,"US","OH",711824,2,,283,6,69,2,0,1,,0,,3.5,0,0,,,0	
6007936,1999,14606,1997,"JP","",358975,3,,429,4,45,5,0,1,,0.32,,19,0,0,,,0	
6007943,1999,14606,1998,"ZA","",728084,3,,429,4,45,77,0,1,,0.1005,,12.7403,0.0132,0.013,,,0	
6007950,1999,14606,1998,"TW","",596760,3,,430,1,19,4,0,1,,0,,3,0,0,,,0	
6007957,1999,14606,1998,"JP","",87490,3,,430,1,19,9,0,1,,0.4938,,2.2222,0.6667,0.6667,,,0	
6007964,1999,14606,1998,"JP","",211155,3,,430,1,19,1,0,1,,0,,6,1,1,,,0	
6007971,1999,14606,1997,"US","MN",377880,2,,430,1,19,27,0,0.963,,0.6775,,19.2222,0.2917,0.2593,,,6	
6007978,1999,14606,1995,"US","CA",109465,2,,435,3,33,4,0,1,,0.5,,7,0,0,,,3	
6007985,1999,14606,1994,"US","CT",635905,2,,435,3,33,0,0,,,,,,,,,,0	
6007992,1999,14606,1997,"US","CA",690454,2,,435,3,33,10,0,1,,0.54,,4,0.3,0.3,,,7	
6007999,1999,14606,1998,"US","ME",687683,2,,435,3,33,62,0,1,,0.6436,,15.5,0.0545,0.0484,,,5	
6008006,1999,14606,1997,"GB","",718205,3,,435,3,33,1,0,1,,0,,5,0,0,,,0	
6008013,1999,14606,1996,"US","NY",599875,2,,435,3,33,11,0,1,,0.7273,,5.0909,0,0,,,0	
6008020,1999,14606,1997,"US","CA",719160,2,,435,3,33,1,0,1,,0,,2,0,0,,,1	
6008027,1999,14606,1997,"US","NJ",,1,,435,3,33,6,0,1,,0.5,,16.5,,,,,2	
6008034,1999,14606,1997,"CH","",683047,3,,435,3,33,0,0,,,,,,,,,,0	
6008041,1999,14606,1997,"US","IN",170335,2,,435,3,33,0,0,,,,,,,,,,0	
6008048,1999,14606,1998,"US","CA",687686,2,,435,3,33,1,0,1,,0,,1,1,1,,,1	
6008055,1999,14606,1998,"US","NE",741630,2,,436,1,19,16,0,1,,0.8203,,9.25,0,0,,,0	
6008062,1999,14606,1997,"US","CA",728404,2,,438,4,46,6,0,1,,0.5,,8.1667,0,0,,,4	
6008069,1999,14606,1997,"JP","",211480,3,,438,4,46,1,0,1,,0,,5,0,0,,,0	
6008076,1999,14606,1996,"JP","",504585,3,,438,4,46,6,0,1,,0.6667,,8.8333,0.3333,0.3333,,,0	
6008083,1999,14606,1997,"US","VT",280070,2,,438,4,46,26,0,1,,0.7396,,10.3846,0.0833,0.0769,,,0	
6008090,1999,14606,1999,"TW","",,1,,438,4,46,5,0,1,,0,,1.8,,,,,0	
6008097,1999,14606,1997,"KR","",658103,3,,438,4,46,5,0,1,,0,,4,0,0,,,0	
6008104,1999,14606,1998,"DE","",512710,3,,438,4,46,2,0,1,,0,,2,0.5,0.5,,,0	
6008111,1999,14606,1997,"JP","",211480,3,,438,4,46,2,0,1,,0,,5.5,0,0,,,0	
6008118,1999,14606,1998,"TW","",596760,3,,438,4,46,6,0,1,,0.2778,,1.6667,0,0,,,0	
6008125,1999,14606,1997,"US","NM",763163,2,,438,4,46,11,0,1,,0.6446,,8.4545,0,0,,,0	
6008132,1999,14606,1996,"JP","",636035,3,,438,4,46,15,0,1,,0.5156,,5.6,0,0,,,0	
6008139,1999,14606,1996,"US","CA",33480,2,,438,4,46,22,0,1,,0.4339,,5,0.2727,0.2727,,,6	
6008146,1999,14606,1997,"US","DE",710016,2,,442,1,11,7,0,1,,0.6939,,8.1429,0,0,,,7	
6008153,1999,14606,1998,"JP","",714593,3,,501,1,19,5,0,1,,0.56,,4.8,0,0,,,0	
6008160,1999,14606,1998,"DE","",55665,3,,504,1,11,3,0,1,,0,,3.6667,0.6667,0.6667,,,0	
6008167,1999,14606,1997,"NL","",594960,3,,508,5,59,4,0,0.5,,0.5,,25.75,0,0,,,0	
6008174,1999,14606,1997,"US","MI",28575,2,,510,1,19,104,0,1,,0.3118,,15.5962,0.03,0.0288,,,4	
6008181,1999,14606,1998,"US","OH",454215,2,,510,1,19,16,0,0.9375,,0.6933,,14.6875,0.1333,0.125,,,1	
6008188,1999,14606,1996,"JP","",305215,3,,514,3,31,6,0,1,,0.5,,7.8333,0.1667,0.1667,,,0	
6008195,1999,14606,1997,"US","CA",599425,2,,514,3,31,1,0,1,,0,,4,1,1,,,1	
6008202,1999,14606,1997,"US","PA",599850,2,,514,3,31,15,0,1,,0.6044,,5.4667,0.0714,0.0667,,,1	
6008209,1999,14606,1998,"US","NJ",254550,2,,514,3,31,8,0,1,,0.2188,,3.5,0.625,0.625,,,4	
6008216,1999,14606,1998,"GB","",170335,3,,514,3,31,1,0,1,,0,,2,1,1,,,0	
6008223,1999,14606,1998,"US","PA",698482,3,,514,3,31,12,0,1,,0,,3.6667,0.8333,0.8333,,,0	
6008230,1999,14606,1998,"JP","",211250,3,,514,3,31,11,0,1,,0.6446,,6.3636,0.3636,0.3636,,,0	
6008237,1999,14606,1998,"US","NJ",367520,2,,514,3,31,2,0,1,,0,,3,0,0,,,0	
6008244,1999,14606,1997,"US","PA",480850,2,,514,3,31,1,0,1,,0,,14,0,0,,,0	
6008251,1999,14606,1998,"US","CT",76070,2,,514,3,31,5,0,1,,0.72,,8.2,0.25,0.2,,,1	
6008258,1999,14606,1998,"US","CT",123370,2,,514,3,31,6,0,1,,0.2778,,7,0,0,,,0	
6008265,1999,14606,1997,"CA","",774577,3,,522,1,15,8,0,1,,0.8125,,14.75,0,0,,,0	
6008272,1999,14606,1998,"US","MA",83430,2,,523,1,15,54,0,0.9074,,0.713,,17.3333,0.1628,0.1296,,,7	
6008279,1999,14606,1997,"JP","",550270,3,,524,1,15,4,0,1,,0.625,,9.25,0.5,0.5,,,0	
6008286,1999,14606,1997,"US","WI",754417,2,,524,1,15,26,0,1,,0.7278,,11.1154,0,0,,,2	
6008293,1999,14606,1995,"JP","",265595,3,,525,1,15,31,0,1,,0.845,,6.129,0.8065,0.8065,,,0	
6008300,1999,14606,1997,"JP","",403170,3,,525,1,15,8,0,1,,0.6875,,10.875,0.125,0.125,,,0	
6008307,1999,14606,1994,"US","TX",186560,2,,526,1,15,23,0,1,,0.6465,,7.0435,0.3043,0.3043,,,7	
6008314,1999,14606,1998,"DE","",248680,3,,528,1,15,13,0,1,,0.8166,,9.0769,0,0,,,0	
6008321,1999,14606,1998,"US","NJ",729286,2,,530,1,15,0,0,,,,,,,,,,0	
6008328,1999,14606,1995,"US","CA",27520,2,,530,1,15,2,0,1,,0.5,,3.5,0,0,,,1	
6008335,1999,14606,1997,"US","CA",93770,2,,536,1,14,22,0,1,,0.6157,,9.4545,0.0476,0.0455,,,4	
6008342,1999,14606,1996,"US","NJ",730319,2,,536,1,14,8,0,1,,0.5938,,9.625,0,0,,,1	
6008349,1999,14606,1998,"JP","",404250,3,,544,1,14,3,0,1,,0.6667,,18.3333,0,0,,,0	
6008356,1999,14606,1998,"KR","",763181,3,,546,1,14,5,0,1,,0.32,,12.4,0,0,,,0	
6008363,1999,14606,1997,"JP","",559270,3,,546,1,14,4,0,1,,0.5,,5.75,1,1,,,0	
6008370,1999,14606,1995,"FR","",727589,3,,548,1,14,12,0,1,,0.6528,,15,0,0,,,0	
6008377,1999,14606,1998,"US","IN",170335,2,,549,1,14,9,0,1,,0.716,,14.4444,0.5556,0.5556,,,5	
6008384,1999,14606,1998,"US","DE",165265,2,,549,1,14,9,0,1,,0.642,,11.8889,0.5,0.4444,,,3	
6008391,1999,14606,1998,"ES","",247990,3,,554,1,14,1,0,1,,0,,5,1,1,,,0	
6008398,1999,14606,1996,"US","IL",220330,2,,558,1,14,0,0,,,,,,,,,,0	
6008405,1999,14606,1998,"GB","",702731,3,,562,1,14,3,0,0,,,,49.6667,0,0,,,0	
6008412,1999,14606,1999,"US","IN",170335,2,,564,1,14,2,0,1,,0.5,,7,0,0,,,0	
6008419,1999,14606,1997,"US","MI",153420,2,,568,1,14,33,0,0.9697,,0.6035,,15.2121,0.0645,0.0606,,,1	
6008426,1999,14606,1998,"BE","",186560,2,,585,1,19,2,0,0.5,,0,,36.5,0,0,,,0	
6008433,1999,14606,1998,"US","CA",,1,,623,3,39,13,0,1,,0.6036,,6.9231,,,,,1	
6008440,1999,14606,1997,"JP","",636035,3,,84,6,69,7,0,1,,0,,11.7143,0.3333,0.1429,,,0	
6008447,1999,14606,1998,"DE","",759922,3,,136,4,45,0,0,,,,,,,,,,0	
6008454,1999,14606,1998,"JP","",676337,3,,174,4,41,3,0,1,,0.4444,,8.6667,0.3333,0.3333,,,0	
6008461,1999,14606,1997,"JP","",379245,3,,219,4,49,3,0,1,,0,,9.6667,0,0,,,0	
6008468,1999,14606,1997,"JP","",418575,3,,219,4,49,18,0,1,,0.7716,,6.9444,0,0,,,0	
6008475,1999,14606,1998,"US","NY",722326,2,,219,4,49,6,0,0.8333,,0.56,,20,0,0,,,0	
6008482,1999,14606,1997,"JP","",358975,3,,219,4,49,12,0,0.8333,,0.18,,19.3333,0.1429,0.0833,,,0	
6008489,1999,14606,1997,"US","CA",147750,2,,250,4,44,11,0,1,,0.562,,4.3636,0.6,0.5455,,,8	
6008496,1999,14606,1998,"US","FL",599520,2,,250,4,44,1,0,1,,0,,6,0,0,,,0	
6008503,1999,14606,1998,"KR","",491065,3,,257,4,46,4,0,1,,0.625,,6.75,0,0,,,0	
6008510,1999,14606,1997,"JP","",395735,3,,257,4,46,7,0,1,,0.449,,6.5714,0,0,,,0	
6008517,1999,14606,1998,"TW","",741957,3,,257,4,46,0,0,,,,,,,,,,0	
6008524,1999,14606,1996,"JP","",532110,3,,257,4,46,7,0,1,,0.6122,,12.1429,0,0,,,0	
6008531,1999,14606,1997,"US","ID",373440,2,,257,4,46,29,0,1,,0.6564,,7.7931,0.1429,0.1379,,,4	
6008538,1999,14606,1996,"US","ID",373440,2,,257,4,46,37,0,1,,0.7509,,5.027,0.1389,0.1351,,,5	
6008545,1999,14606,1998,"JP","",582975,3,,290,4,45,10,0,1,,0.6,,6.6,0.1,0.1,,,0	
6008552,1999,14606,1997,"JP","",377950,3,,310,4,45,0,0,,,,,,,,,,0	
6008559,1999,14606,1998,"JP","",358975,3,,310,4,45,7,0,1,,0,,6.5714,0,0,,,0	
6008566,1999,14606,1998,"US","NH",697373,2,,313,4,42,3,0,1,,0,,5.3333,0.3333,0.3333,,,1	
6008573,1999,14606,1998,"GB","",280070,2,,313,4,42,14,0,1,,0.4694,,6,0.2857,0.2857,,,0	
6008580,1999,14606,1997,"JP","",532110,3,,313,4,42,5,0,1,,0,,3.6,0,0,,,0	
6008587,1999,14606,1996,"CA","",,1,,315,4,42,8,0,1,,0,,9.375,,,,,0	
6008594,1999,14606,1998,"JP","",379245,3,,315,4,42,1,0,1,,0,,18,0,0,,,0	
6008601,1999,14606,1998,"JP","",13995,3,,318,4,45,6,0,1,,0.5,,4.3333,0,0,,,0	
6008608,1999,14606,1997,"US","MO",172255,2,,318,4,45,12,0,1,,0.8333,,13.5,0,0,,,0	
6008615,1999,14606,1998,"GB","",555755,3,,318,4,45,4,0,1,,0.625,,6.25,0.5,0.5,,,0	
6008622,1999,14606,1998,"JP","",763195,3,,320,4,45,3,0,1,,0,,2,0,0,,,0	
6008629,1999,14606,1997,"JP","",211480,3,,320,4,45,4,0,1,,0,,8.25,0,0,,,0	
6008636,1999,14606,1997,"US","IL",386735,2,,324,4,43,9,0,1,,0.716,,4.2222,0,0,,,0	
6008643,1999,14606,1995,"DE","",763197,3,,324,4,43,3,0,1,,0.4444,,15.3333,0,0,,,0	
6008650,1999,14606,1998,"US","CA",757015,2,,324,4,43,8,0,1,,0,,8.875,0,0,,,1	
6008657,1999,14606,1996,"JP","",578825,3,,324,4,43,8,0,1,,0.2188,,11.5,0,0,,,0	
6008664,1999,14606,1998,"US","TX",719770,2,,324,4,43,4,0,1,,0.625,,7.75,0,0,,,0	
6008671,1999,14606,1997,"KR","",768985,3,,327,4,41,3,0,1,,0.4444,,14.6667,0,0,,,0	
6008678,1999,14606,1997,"US","PA",722326,2,,327,4,41,10,0,1,,0.48,,9.1,0,0,,,0	
6008685,1999,14606,1998,"US","AZ",763201,2,,327,4,41,12,0,1,,0.5972,,10.4167,0,0,,,2	
6008692,1999,14606,1997,"FI","",694918,3,,329,4,41,2,0,1,,0,,2,0,0,,,0	
6008699,1999,14606,1998,"RU","",491065,3,,331,4,41,5,0,1,,0.32,,14.8,0,0,,,0	
6008706,1999,14606,1998,"US","CA",534325,2,,333,2,21,2,0,1,,0,,13,0,0,,,1	
6008713,1999,14606,1997,"US","TX",570160,2,,336,4,41,9,0,1,,0.642,,4.3333,0,0,,,0	
6008720,1999,14606,1996,"JP","",662173,3,,340,2,21,8,0,1,,0.5938,,15.25,0,0,,,0	
6008727,1999,14606,1998,"US","CA",635240,2,,340,2,21,10,0,1,,0.34,,3.3,0,0,,,1	
6008734,1999,14606,1997,"US","TX",6290,2,,340,2,21,3,0,1,,0.4444,,0,0,0,,,0	
6008741,1999,14606,1998,"JP","",582975,3,,340,2,21,5,0,1,,0,,12.8,0,0,,,0	
6008748,1999,14606,1997,"US","NJ",,1,,341,2,22,8,0,1,,0.375,,6.125,,,,,2	
6008755,1999,14606,1997,"JP","",389720,3,,342,2,21,4,0,1,,0.5,,6.75,0.25,0.25,,,0	
6008762,1999,14606,1997,"US","TX",460225,2,,343,2,21,3,0,1,,0,,2.3333,0,0,,,0	
6008769,1999,14606,1993,"US","MD",699553,2,,343,2,21,4,0,1,,0.375,,13.5,0,0,,,0	
6008776,1999,14606,1998,"US","CA",9965,2,,343,2,21,2,0,1,,0.5,,12.5,0,0,,,2	
6008783,1999,14606,1997,"JP","",307515,3,,345,2,23,10,0,1,,0,,8.1,0,0,,,0	
6008790,1999,14606,1996,"JP","",87490,3,,345,2,23,14,0,1,,0.3571,,6.5714,0.0714,0.0714,,,0	
6008797,1999,14606,1998,"CA","",748637,3,,345,2,23,11,0,1,,0.5455,,4.2727,0,0,,,0	
6008804,1999,14606,1997,"US","IL",395480,2,,345,2,23,10,0,1,,0.7,,5.8,0.25,0.2,,,2	
6008811,1999,14606,1997,"US","NC",280070,2,,345,2,23,9,0,1,,0,,3.4444,0.875,0.7778,,,0	
6008818,1999,14606,1997,"JP","",252865,3,,345,2,23,8,0,1,,0.4063,,11.125,0,0,,,0	
6008825,1999,14606,1997,"US","NY",160890,2,,346,4,49,4,0,1,,0.75,,2.25,0.25,0.25,,,1	
6008832,1999,14606,1998,"JP","",729357,3,,347,2,23,6,0,1,,0.6111,,4.3333,0,0,,,0	
6008839,1999,14606,1995,"DE","",89990,3,,348,4,49,9,0,1,,0.1975,,9.3333,0,0,,,0	
6008846,1999,14606,1995,"JP","",87490,3,,348,4,49,11,0,1,,0.6777,,9.1818,0.2222,0.1818,,,0	
6008853,1999,14606,1997,"US","TX",570160,2,,348,4,49,7,0,1,,0.7347,,4.4286,0,0,,,0	
6008860,1999,14606,1995,"US","IN",573980,2,,348,4,49,9,0,1,,0.1975,,6.5556,0.2222,0.2222,,,2	
6008867,1999,14606,1996,"US","TX",593665,2,,348,4,49,48,0,1,,0.3351,,9.5833,0,0,,,1	
6008874,1999,14606,1998,"JP","",493260,3,,349,1,19,8,0,1,,0.4063,,3.25,0.125,0.125,,,0	
6008881,1999,14606,1997,"NL","",601715,2,,355,5,54,8,0,1,,0.6875,,5.375,0,0,,,0	
6008888,1999,14606,1999,"US","AZ",763211,2,,356,4,43,2,0,1,,0.5,,3,0,0,,,0	
6008895,1999,14606,1998,"DE","",755661,3,,356,4,43,15,0,1,,0.8178,,12.6667,0,0,,,0	
6008902,1999,14606,1999,"DE","",763213,3,,356,4,43,5,0,1,,0.32,,1.6,0,0,,,0	
6008909,1999,14606,1998,"US","CA",672689,3,,358,2,21,7,0,1,,0.2449,,3.5714,0.2,0.1429,,,2	
6008916,1999,14606,1997,"CA","",754783,3,,359,5,54,3,0,1,,0.6667,,7.6667,0,0,,,0	
6008923,1999,14606,1998,"US","CA",763215,2,,359,5,54,7,0,1,,0.449,,6.5714,0,0,,,1	
6008930,1999,14606,1998,"JP","",29780,3,,359,5,54,3,0,1,,0,,13,0,0,,,0	
6008937,1999,14606,1998,"JP","",39265,3,,359,5,54,9,0,0.7778,,0.449,,21.6667,0.6,0.3333,,,0	
6008944,1999,14606,1998,"TW","",738619,3,,359,5,54,4,0,1,,0.625,,1.75,0,0,,,0	
6008951,1999,14606,1997,"US","TX",570160,2,,359,5,54,2,0,1,,0.5,,13.5,1,0.5,,,1	
6008958,1999,14606,1997,"JP","",87490,3,,359,5,54,2,0,1,,0,,4.5,0.5,0.5,,,0	
6008965,1999,14606,1998,"JP","",211480,3,,360,2,24,12,0,1,,0.2778,,6.75,0.0833,0.0833,,,0	
6008972,1999,14606,1997,"US","MI",744951,2,,361,4,45,4,0,1,,0.5,,11.75,0,0,,,1	
6008979,1999,14606,1997,"US","MN",757172,2,,361,4,45,6,0,0.8333,,0.72,,17.8333,0.25,0.1667,,,2	
6008986,1999,14606,1997,"US","NY",280070,2,,361,4,45,12,0,1,,0.4028,,1.8333,0,0,,,0	
6008993,1999,14606,1997,"DE","",30330,3,,361,4,45,6,0,1,,0.6111,,2.6667,0,0,,,0	
6009000,1999,14606,1999,"US","CA",9965,2,,363,4,45,4,0,1,,0.375,,5,0,0,,,2	
6009007,1999,14606,1998,"TW","",703520,3,,363,4,45,4,0,1,,0.375,,10,0,0,,,0	
6009014,1999,14606,1998,"US","CA",8075,2,,365,2,24,6,0,1,,0,,1.6667,0,0,,,2	
6009021,1999,14606,1997,"JP","",508240,3,,365,2,24,1,0,1,,0,,0,0,0,,,0	
6009028,1999,14606,1998,"JP","",29780,3,,365,2,24,5,0,1,,0.32,,1.2,0.2,0.2,,,0	
6009035,1999,14606,1998,"JP","",395735,3,,365,2,24,6,0,1,,0,,1.5,0.1667,0.1667,,,0	
6009042,1999,14606,1998,"US","TX",624205,2,,367,2,21,5,0,1,,0.32,,12.6,0.4,0.4,,,5	
6009049,1999,14606,1998,"TW","",,1,,368,6,69,5,0,0.8,,0,,16.4,,,,,0	
6009056,1999,14606,1998,"JP","",358975,3,,369,2,24,6,0,1,,0,,8,0,0,,,0	
6009063,1999,14606,1997,"US","CA",,1,,369,2,24,2,0,1,,0.5,,5.5,,,,,1	
6009070,1999,14606,1997,"JP","",441625,3,,369,2,24,4,0,1,,0.5,,3.25,0,0,,,0	
6009077,1999,14606,1997,"US","MA",599710,2,,370,2,21,10,0,1,,0.58,,4.7,0,0,,,2	
6009084,1999,14606,1996,"US","CT",694557,2,,370,2,21,12,0,1,,0.2917,,10.5,0,0,,,1	
6009091,1999,14606,1998,"US","IL",386735,2,,370,2,21,4,0,1,,0.5,,1.75,0.5,0.5,,,0	
6009098,1999,14606,1998,"JP","",532110,3,,370,2,21,3,0,1,,0.4444,,4,0,0,,,0	
6009105,1999,14606,1996,"JP","",636790,3,,370,2,21,8,0,1,,0.5625,,8.5,0,0,,,0	
6009112,1999,14606,1995,"JP","",480860,3,,372,4,42,6,0,1,,0.2778,,8,0,0,,,0	
6009119,1999,14606,1997,"US","WA",746910,2,,375,2,21,21,0,1,,0.7574,,7.3333,0,0,,,2	
6009126,1999,14606,1997,"NL","",601715,2,,375,2,21,10,0,1,,0.48,,5.5,0.3,0.3,,,0	
6009133,1999,14606,1996,"DK","",742035,3,,375,2,21,2,0,1,,0.5,,8.5,0,0,,,0	
6009140,1999,14606,1997,"US","WI",218550,2,,378,4,44,2,0,1,,0,,4.5,0,0,,,0	
6009147,1999,14606,1994,"US","MA",255760,2,,378,4,44,57,0,1,,0.4838,,10.9474,0.1591,0.1228,,,9	
6009154,1999,14606,1997,"DE","",512710,3,,379,2,21,5,0,1,,0.56,,3.4,0,0,,,0	
6009161,1999,14606,1997,"US","PA",706518,2,,379,2,21,4,0,1,,0.375,,9.75,1,1,,,0	
6009168,1999,14606,1996,"US","IL",386735,2,,379,2,21,17,0,1,,0.7543,,7.5882,0.6429,0.5294,,,8	
6009175,1999,14606,1997,"US","CA",596125,2,,713,2,22,3,0,1,,0.4444,,1.3333,0,0,,,1	
6009182,1999,14606,1997,"US","MA",762152,2,,381,4,49,13,0,1,,0.426,,12.2308,0,0,,,1	
6009189,1999,14606,1996,"US","NM",,1,,382,2,22,20,0,1,,0.775,,8.5,,,,,0	
6009196,1999,14606,1995,"US","CA",635240,2,,382,2,22,7,0,1,,0.2449,,3.8571,0,0,,,3	
6009203,1999,14606,1997,"US","TX",8075,2,,382,2,22,16,0,1,,0.5703,,4.75,0,0,,,0	
6009210,1999,14606,1997,"US","MA",147695,2,,382,2,22,12,0,1,,0.7222,,4,0,0,,,0	
6009217,1999,14606,1998,"US","CA",353930,2,,385,2,21,7,0,1,,0.5714,,6.7143,0.1667,0.1429,,,2	
6009224,1999,14606,1997,"US","NC",,1,,385,2,21,7,0,1,,0,,3.1429,,,,,3	
6009231,1999,14606,1997,"JP","",532110,3,,386,4,49,6,0,1,,0.5,,4.8333,0.6667,0.6667,,,0	
6009238,1999,14606,1997,"US","WI",623935,2,,392,4,41,21,0,1,,0.7166,,11.9048,0,0,,,1	
6009245,1999,14606,1998,"JP","",503380,3,,358,2,21,2,0,1,,0,,7,0,0,,,0	
6009252,1999,14606,1998,"US","NC",48280,2,,395,2,22,42,0,1,,0.2608,,3.1429,0,0,,,0	
6009259,1999,14606,1997,"JP","",763227,3,,395,2,22,6,0,1,,0.5,,2.1667,0,0,,,0	
6009266,1999,14606,1995,"US","CA",551495,2,,709,2,22,6,0,1,,0.4444,,4.6667,0.1667,0.1667,,,1	
6009273,1999,14606,1997,"US","NH",250060,2,,395,2,22,2,0,1,,0,,1,0,0,,,0	
6009280,1999,14606,1997,"JP","",377950,3,,396,5,54,16,0,1,,0.1172,,10.125,0.125,0.125,,,0	
6009287,1999,14606,1998,"US","CT",763229,2,,399,5,54,9,0,1,,0.1975,,5.2222,0,0,,,1	
6009294,1999,14606,1999,"US","NY",635240,2,,399,5,54,9,0,1,,0.6173,,4.7778,0.3333,0.3333,,,3	
6009301,1999,14606,1997,"US","NY",160890,2,,399,5,54,25,0,1,,0.5056,,10.6,0.24,0.24,,,12	
6009308,1999,14606,1997,"JP","",395735,3,,455,2,21,11,0,1,,0.562,,3.8182,0.4444,0.3636,,,0	
6009315,1999,14606,1997,"FR","",601715,2,,455,2,21,11,0,1,,0.7603,,3.1818,0,0,,,0	
6009322,1999,14606,1997,"CA","",566545,3,,455,2,21,1,0,1,,0,,3,0,0,,,0	
6009329,1999,14606,1997,"US","IL",722326,2,,455,2,21,7,0,1,,0.4082,,7.4286,0.1429,0.1429,,,5	
6009336,1999,14606,1996,"US","IL",386735,2,,455,2,21,8,0,1,,0.6563,,3.25,0.25,0.25,,,1	
6009343,1999,14606,1996,"US","IL",735,2,,604,3,32,7,0,1,,0.6939,,7.2857,0,0,,,0	
6009350,1999,14606,1998,"US","MN",365520,2,,607,3,32,28,0,1,,0.1352,,10.8929,0.5556,0.5357,,,16	
6009357,1999,14606,1994,"US","OH",720852,2,,701,2,22,22,0,1,,0.8017,,14.2727,0.0556,0.0455,,,2	
6009364,1999,14606,1993,"JP","",379245,3,,701,2,22,14,0,1,,0.5408,,7.2143,0.2857,0.2857,,,0	
6009371,1999,14606,1998,"JP","",582975,3,,701,2,22,3,0,1,,0.4444,,5.6667,0,0,,,0	
6009378,1999,14606,1997,"US","MI",731510,2,,702,2,22,9,0,1,,0.3704,,8.5556,0,0,,,3	
6009385,1999,14606,1997,"GB","",76775,3,,704,2,22,5,0,1,,0.72,,3.8,0,0,,,0	
6009392,1999,14606,1998,"US","NY",280070,2,,704,2,22,4,0,1,,0,,3.25,0.25,0.25,,,1	
6009399,1999,14606,1997,"DE","",144635,3,,704,2,22,3,0,1,,0.4444,,8.3333,0,0,,,0	
6009406,1999,14606,1997,"US","IL",538695,2,,705,2,22,14,0,1,,0.7347,,11.7143,0.1538,0.1429,,,1	
6009413,1999,14606,1997,"US","OH",737140,2,,705,2,22,6,0,1,,0.7778,,5.8333,0,0,,,0	
6009420,1999,14606,1997,"US","OR",747988,2,,706,2,22,20,0,1,,0.605,,8.2,0,0,,,0	
6009427,1999,14606,1997,"US","CA",250060,2,,707,2,22,23,0,1,,0.6125,,2.9565,0,0,,,5	
6009434,1999,14606,1998,"US","CA",740461,2,,707,2,22,19,0,1,,0.903,,8.8421,0.0556,0.0526,,,7	
6009441,1999,14606,1996,"US","WA",373780,2,,707,2,22,0,0,,,,,,,,,,0	
6009448,1999,14606,1997,"TW","",703520,3,,708,2,22,12,0,1,,0.5694,,5.6667,0,0,,,0	
6009455,1999,14606,1998,"US","MD",,1,,709,2,22,5,0,1,,0,,4.8,,,,,0	
6009462,1999,14606,1997,"US","CA",147695,2,,709,2,22,16,0,1,,0.6406,,2.25,0,0,,,4	
6009469,1999,14606,1996,"US","FL",762392,2,,709,2,22,33,0,1,,0.6869,,4.303,0,0,,,0	
6009476,1999,14606,1995,"US","CA",740751,2,,709,2,22,28,0,1,,0.8138,,4.7857,0,0,,,0	
6009483,1999,14606,1997,"JP","",211480,3,,710,2,22,7,0,1,,0.6122,,2.4286,0.1429,0.1429,,,0	
6009490,1999,14606,1997,"JP","",87490,3,,710,2,22,19,0,1,,0.7258,,8.1053,0,0,,,0	
6009497,1999,14606,1998,"US","CA",278220,2,,711,2,24,25,0,1,,0.7904,,6.2,0.28,0.28,,,14	
6009504,1999,14606,1996,"US","OR",278220,2,,711,2,24,5,0,1,,0.64,,10.4,0.2,0.2,,,1	
6009511,1999,14606,1997,"US","TX",8075,2,,712,2,22,27,0,1,,0.5761,,5.9259,0.2963,0.2963,,,5	
6009518,1999,14606,1997,"US","VA",,1,,713,2,22,6,0,1,,0.5,,3,,,,,0	
6009525,1999,14606,1997,"US","CA",763236,2,,713,2,22,19,0,1,,0.7091,,3.7895,0,0,,,8	
6009532,1999,14606,1998,"US","OR",278220,2,,713,2,22,2,0,1,,0,,15.5,0,0,,,0	
6009539,1999,14606,1996,"US","CO",250060,2,,714,2,22,77,0,1,,0.6811,,6.2597,0.0395,0.039,,,3	
6009546,1999,14606,1998,"US","OR",127090,2,,714,2,22,8,0,1,,0.4063,,7,0,0,,,0	
6009553,1999,14606,1997,"US","MA",695811,2,,714,2,22,12,0,1,,0.7778,,10.9167,0,0,,,0	
